nb_jobs nb_machines
20 20 0 0 0 0
Times
33 58 51 36 14 88 55 40 99 97 23 90 75 89 15 88 30 7 56 58
24 47 71 46 70 46 89 83 3 98 59 46 78 81 66 87 94 25 18 56
96 24 68 97 31 7 59 74 74 50 12 52 36 84 25 94 12 77 63 63
95 12 47 19 79 72 93 75 6 83 2 21 74 37 30 63 42 3 20 96
74 22 52 56 12 51 16 93 97 51 95 43 75 40 95 56 62 56 3 27
25 88 87 32 34 50 18 52 98 86 14 13 84 52 21 49 7 6 37 21
90 24 80 43 66 15 97 35 41 67 38 39 15 81 40 36 97 47 3 56
29 24 18 94 45 74 29 60 51 21 7 75 51 94 3 69 61 89 98 31
73 4 30 12 74 9 60 67 57 20 69 89 27 51 39 10 12 81 58 23
42 28 17 90 74 22 96 78 36 17 99 71 23 47 80 21 58 64 61 53
89 67 96 22 43 67 77 25 47 25 26 91 92 16 9 51 54 93 91 67
50 21 17 47 67 33 83 79 17 32 24 34 76 6 75 43 16 87 43 19
86 78 23 60 55 99 3 22 89 32 11 25 30 27 52 54 84 24 84 29
48 93 10 32 30 87 43 49 80 98 95 46 25 78 87 81 69 20 30 40
65 34 81 9 25 84 74 69 65 92 50 9 15 8 74 11 53 89 99 96
99 64 41 11 10 85 10 7 42 39 55 14 79 90 92 4 47 8 72 89
97 17 30 20 2 18 63 15 43 30 76 60 43 33 1 56 92 7 60 60
71 26 60 23 15 87 23 10 73 63 84 97 44 95 67 87 85 48 63 76
59 93 60 76 7 48 56 21 50 43 7 47 37 50 94 29 91 38 11 76
9 29 57 33 64 13 97 29 9 32 1 24 90 38 78 38 48 63 72 25
Machines
6 3 18 1 12 13 16 2 9 7 8 20 14 5 4 10 11 17 19 15
5 1 7 11 2 19 6 18 8 3 17 14 13 12 9 16 4 10 15 20
14 10 6 19 20 11 12 8 9 17 16 4 1 15 5 13 7 3 2 18
11 5 12 19 13 4 20 16 9 1 6 17 2 10 8 15 3 18 7 14
13 16 14 5 11 4 8 2 9 20 15 18 10 17 7 6 12 1 3 19
12 8 10 6 15 16 7 5 11 14 4 17 1 2 19 13 3 18 9 20
13 5 10 19 3 6 20 17 16 12 18 15 7 9 14 2 11 4 1 8
16 15 13 9 5 14 1 10 18 6 12 2 17 11 7 4 19 3 8 20
7 20 19 1 16 3 5 8 6 15 18 10 13 2 9 17 11 4 12 14
19 13 15 4 2 11 18 12 16 10 1 8 7 6 5 14 20 3 9 17
12 18 7 3 17 20 13 8 15 5 10 4 9 16 1 11 6 2 14 19
19 9 8 20 13 5 1 2 18 7 3 4 15 10 11 12 17 6 14 16
2 5 18 4 9 12 11 20 17 14 19 8 13 6 1 10 7 15 3 16
10 14 4 5 11 6 9 15 16 12 17 1 13 18 2 20 3 7 19 8
11 17 3 15 16 1 12 4 18 13 9 7 14 10 5 6 2 8 20 19
10 9 17 5 12 19 11 15 4 13 8 1 14 18 2 7 3 20 16 6
10 8 11 15 1 9 20 4 7 12 5 16 14 6 19 3 17 2 18 13
16 9 1 11 3 20 7 5 17 18 6 15 8 4 13 12 2 10 19 14
5 20 11 7 18 13 12 1 15 4 14 3 2 10 6 8 9 17 16 19
2 1 12 3 20 9 13 11 6 17 14 8 10 16 5 19 4 7 18 15
0
