nb_jobs nb_machines
20 20 0 0 0 0
Times
93 85 34 15 36 22 13 93 61 58 63 27 50 29 76 44 50 8 54 51
4 62 14 34 23 6 27 44 57 14 81 37 30 27 63 20 24 83 37 25
26 26 84 96 5 88 18 40 70 21 28 93 6 62 85 37 68 57 3 36
85 75 4 34 14 37 62 93 90 52 40 64 39 88 42 64 95 83 23 57
49 44 5 95 85 79 68 9 98 71 19 52 7 40 28 60 26 37 3 28
38 22 88 59 70 57 71 85 41 78 83 38 23 88 80 97 91 99 32 54
28 63 90 68 56 49 61 29 98 12 71 41 40 61 89 91 40 59 95 91
38 29 45 3 42 16 84 75 78 77 47 83 61 13 85 36 76 98 50 82
46 31 99 77 87 73 91 5 18 90 97 93 78 94 91 17 55 12 71 21
43 66 77 17 39 39 78 92 76 38 85 79 86 53 60 99 88 84 50 25
19 11 88 84 67 43 74 92 2 11 51 22 79 25 5 18 27 8 3 79
37 24 54 23 25 19 5 31 41 50 7 46 67 19 84 57 20 48 1 19
53 77 24 68 56 88 87 49 71 57 34 29 9 58 91 73 12 97 77 38
19 97 97 62 89 60 99 72 10 36 62 48 87 67 91 91 11 76 64 50
55 68 90 31 15 99 9 88 57 18 75 2 30 4 62 42 69 24 26 57
8 69 9 74 43 97 82 33 60 7 81 99 72 2 10 22 81 93 99 48
40 17 62 28 22 97 57 55 62 18 79 91 16 10 49 8 81 81 63 76
68 96 24 97 39 62 53 36 78 15 12 75 33 22 24 1 44 88 77 26
84 53 31 3 54 78 75 98 40 94 58 27 38 64 26 88 49 25 54 65
55 49 65 74 70 76 20 1 39 7 96 24 44 56 16 90 87 85 81 2
Machines
7 20 14 13 18 15 12 16 8 5 1 17 3 11 19 10 9 2 4 6
15 17 10 1 8 6 2 16 7 9 18 19 14 20 12 3 13 11 5 4
16 10 5 7 17 2 6 11 13 3 12 1 4 18 14 20 19 8 9 15
11 4 7 20 5 12 16 3 2 9 15 17 13 18 10 8 19 14 6 1
8 10 15 7 12 17 14 9 13 18 20 2 11 6 19 16 3 5 4 1
12 1 10 7 6 2 4 16 5 15 9 11 14 17 19 8 3 18 13 20
19 11 14 4 1 7 10 20 16 13 15 12 18 2 6 8 9 5 3 17
16 14 2 15 7 8 13 18 12 9 10 4 3 11 17 20 19 1 5 6
14 3 7 1 12 4 8 13 6 20 16 18 9 19 17 11 10 5 2 15
18 8 4 12 6 1 19 11 13 3 7 17 15 16 2 9 10 5 20 14
8 9 4 15 13 17 19 1 12 20 10 6 14 16 11 18 5 7 3 2
9 5 4 1 11 6 10 13 3 2 12 20 17 8 7 14 18 19 15 16
16 18 12 13 6 7 1 5 8 2 17 15 4 19 10 14 3 11 9 20
9 2 17 18 5 4 10 20 14 15 19 1 16 13 3 11 8 6 12 7
12 2 7 8 20 18 5 13 10 11 15 14 17 19 3 9 4 1 16 6
19 2 1 14 20 3 13 15 10 12 18 6 7 16 11 9 5 17 4 8
1 7 10 16 2 20 19 18 9 13 3 12 11 14 5 4 8 6 15 17
15 13 8 10 6 4 5 19 18 9 1 2 12 20 17 3 16 14 11 7
4 12 14 5 17 15 8 3 10 9 20 18 7 13 1 19 16 2 11 6
18 5 7 9 8 4 16 19 12 3 2 20 1 17 11 6 14 13 15 10
0
